button;y position;x position;height;width;action;window;label;
